# learning_proof.py - per-tensor weight-delta forensic listing
# generated: 2026-09-24T08:25:03+00:00
# comparison: checkpoint-200_vs_checkpoint-1869 (steps 200 -> 1869)
# scheme: SHA16 = first 16 hex of sha256(key|dtype|shape|raw_bytes); RELCHG = ||delta||_F / ||earliest_weights||_F; eps thresholds are relative to the EARLIEST tensor std
# global: mean_abs=0.0142416 std_abs=0.0220793 max_abs=0.990325 frac_tensors_changed=1 frac_params_nz=0.999993 rel_l2=1.04187

# DELTA rows: KEY SHAPE NUMEL ABSMEAN ABSMED ABSSTD ABSMAX FRAC_NZ FRAC_GT_1E-6STD FRAC_GT_1E-4STD FRAC_GT_1E-3STD FRAC_GT_1E-2STD RELCHG L2_DELTA L2_W_EARLY NAN INF SHA16_EARLY SHA16_LATE
DELTA	KEY	SHAPE	NUMEL	ABSMEAN	ABSMED	ABSSTD	ABSMAX	FRAC_NZ	GT1E-6STD	GT1E-4STD	GT1E-3STD	GT1E-2STD	RELCHG	L2_DELTA	L2_W_EARLY	NAN	INF	SHA16_EARLY	SHA16_LATE
DELTA	lm_head.weight	[10240,768]	7864320	0.0229747	0.0186627	0.019001	0.359136	1	0.999999	0.999899	0.99902	0.99021	1.08802	83.6086	76.8445	0	0	f50ffdb766bf5d3f	23d49d39729b615e
DELTA	model.embed_tokens.weight	[10240,768]	7864320	0.0280486	0.0230415	0.0233428	0.219866	0.999902	0.999898	0.999488	0.995789	0.9614	1.58656	102.334	64.5006	0	0	e78530067545862d	d728eeb669eba025
DELTA	model.layers.0.input_layernorm.weight	[768]	768	0.0530071	0.0459126	0.040072	0.225562	1	1	1	1	0.998698	0.066859	1.84106	27.5365	0	0	388fb504371a4fec	c93ee92217833a4f
DELTA	model.layers.0.mlp.down_proj.weight	[768,3072]	2359296	0.0116171	0.00570804	0.0162133	0.511809	1	0.999995	0.999624	0.996096	0.961162	0.92112	30.6365	33.2601	0	0	5710d991c0722c1b	433a66bc63dcbf51
DELTA	model.layers.0.mlp.gate_proj.weight	[3072,768]	2359296	0.00882767	0.00380683	0.0132508	0.26391	1	0.999994	0.999491	0.994796	0.948368	0.745929	24.4563	32.7863	0	0	343d5675227cb450	c68e1cbdc82c9d2d
DELTA	model.layers.0.mlp.up_proj.weight	[3072,768]	2359296	0.00851954	0.0036313	0.0129241	0.271826	1	0.999996	0.999455	0.99456	0.946028	0.726563	23.7765	32.7247	0	0	b23ce92417b1d396	8004ed8916c08910
DELTA	model.layers.0.post_attention_layernorm.weight	[768]	768	0.0491414	0.04945	0.0254947	0.14772	1	1	1	1	0.997396	0.0548028	1.534	27.9913	0	0	3f3695c338482644	7a1e54a0d37f625a
DELTA	model.layers.0.self_attn.k_proj.bias	[256]	256	0.0440124	0.0367242	0.0329789	0.170519	1	1	1	1	1	3.24884	0.879338	0.270662	0	0	87a878f46ac2e8f0	bfc7b8087036cc80
DELTA	model.layers.0.self_attn.k_proj.weight	[256,768]	196608	0.038887	0.032618	0.0297128	0.231072	1	1	0.999959	0.999619	0.996155	2.01776	21.6999	10.7544	0	0	b4acf07cac72d4f6	7c64d96f7c3f8742
DELTA	model.layers.0.self_attn.o_proj.weight	[768,768]	589824	0.0165677	0.011794	0.0158436	0.187665	1	0.999998	0.999891	0.998964	0.989003	1.08198	17.6056	16.2716	0	0	63cd374b2947fedf	4289b6f0faafd92b
DELTA	model.layers.0.self_attn.q_proj.bias	[768]	768	0.0621376	0.0515161	0.0470851	0.23789	1	1	1	1	1	3.3291	2.16004	0.648835	0	0	1d691c08fd0e6292	e8fe76973adf40a1
DELTA	model.layers.0.self_attn.q_proj.weight	[768,768]	589824	0.0411803	0.03461	0.0313356	0.277175	1	1	0.999958	0.999576	0.996045	2.004	39.7416	19.8312	0	0	8fa865107aad1082	bb0b02c2d608021b
DELTA	model.layers.0.self_attn.v_proj.bias	[256]	256	0.00946659	0.00689004	0.0095851	0.0807212	1	1	1	0.996094	0.992188	1.76781	0.215336	0.12181	0	0	4a77e993f736ed15	e64c90e0a4a09f16
DELTA	model.layers.0.self_attn.v_proj.weight	[256,768]	196608	0.0155958	0.0115315	0.01417	0.127337	1	1	0.999914	0.998983	0.989115	0.990294	9.34331	9.43488	0	0	1a5ce30957d4dc13	8aa0c1481c6342b7
DELTA	model.layers.1.input_layernorm.weight	[768]	768	0.0305806	0.0240586	0.025319	0.22136	1	1	1	1	0.998698	0.0397787	1.09995	27.6518	0	0	b3cb846ba0ea0636	9550c7b95af9e800
DELTA	model.layers.1.mlp.down_proj.weight	[768,3072]	2359296	0.00394054	0.00159235	0.0074159	0.47434	1	0.999988	0.999012	0.990249	0.90378	0.396029	12.8991	32.571	0	0	a45ccd9522c41a27	21bb929d38fb60a7
DELTA	model.layers.1.mlp.gate_proj.weight	[3072,768]	2359296	0.00279602	0.00111027	0.00524271	0.189566	0.999999	0.999987	0.998749	0.987116	0.873965	0.282844	9.12644	32.2666	0	0	2cdc91b26aa58c6c	dbc2547ebe3ef683
DELTA	model.layers.1.mlp.up_proj.weight	[3072,768]	2359296	0.00277709	0.00111285	0.00527764	0.174338	0.999999	0.999986	0.99873	0.987234	0.874617	0.284458	9.16023	32.2024	0	0	f53455013a0a8a62	bc02ccb53d255e50
DELTA	model.layers.1.post_attention_layernorm.weight	[768]	768	0.0378443	0.0331803	0.0241437	0.17691	1	1	1	1	1	0.0449479	1.24379	27.6719	0	0	5db537b82e02325f	5121af0b4f38a2e9
DELTA	model.layers.1.self_attn.k_proj.bias	[256]	256	0.0387602	0.0315899	0.0324403	0.163528	1	1	1	1	1	6.26427	0.808058	0.128995	0	0	38fce31b30852e68	73697d512c0d17f8
DELTA	model.layers.1.self_attn.k_proj.weight	[256,768]	196608	0.0297085	0.0217315	0.0272443	0.235667	1	1	0.999924	0.999324	0.993464	1.89084	17.8734	9.45262	0	0	aebc5b733622d58d	c19c82ab61ebcd85
DELTA	model.layers.1.self_attn.o_proj.weight	[768,768]	589824	0.00498223	0.00218557	0.00889905	0.310235	1	0.999995	0.999281	0.993162	0.933599	0.488765	7.83268	16.0255	0	0	93a913a2454985f1	560405921ecbcc57
DELTA	model.layers.1.self_attn.q_proj.bias	[768]	768	0.0353049	0.0263066	0.032211	0.229015	1	1	1	1	1	6.68863	1.32403	0.197952	0	0	3d5ca42fcb625dbf	8e124611f5fc6e0c
DELTA	model.layers.1.self_attn.q_proj.weight	[768,768]	589824	0.034714	0.0267502	0.0299865	0.283174	1	1	0.999941	0.999503	0.994999	2.15461	35.2297	16.3509	0	0	dfb597731127c592	8e26fff289486137
DELTA	model.layers.1.self_attn.v_proj.bias	[256]	256	0.000787136	0.000439432	0.00101924	0.00861498	1	1	1	0.980469	0.929688	0.214039	0.0205796	0.0961492	0	0	0ab905e4fdba26f9	31186863bf5b99b2
DELTA	model.layers.1.self_attn.v_proj.weight	[256,768]	196608	0.00407643	0.00177685	0.0075484	0.296834	1	0.99999	0.999186	0.992142	0.919851	0.411774	3.80387	9.23777	0	0	7bb453f97175e59d	4498caadedc55fa7
DELTA	model.layers.10.input_layernorm.weight	[768]	768	0.0304638	0.0235877	0.026539	0.201944	1	1	1	1	0.998698	0.0405552	1.11935	27.6007	0	0	6cb50f7e5e20bbd1	0c14f1d3d91f1e67
DELTA	model.layers.10.mlp.down_proj.weight	[768,3072]	2359296	0.0240486	0.0128241	0.0302614	0.990325	1	0.999999	0.999822	0.998349	0.983526	1.78043	59.3717	33.3469	0	0	e741e85a38a3f24b	8f443b8f0064df93
DELTA	model.layers.10.mlp.gate_proj.weight	[3072,768]	2359296	0.0231623	0.010056	0.0317513	0.424025	1	0.999998	0.99973	0.997364	0.974049	1.84048	60.3677	32.7999	0	0	7e3100a928994f88	06896058fe07c71d
DELTA	model.layers.10.mlp.up_proj.weight	[3072,768]	2359296	0.0230524	0.0110618	0.0307879	0.468186	1	0.999998	0.999806	0.998105	0.980832	1.8043	59.0772	32.7424	0	0	2362ecbe24c5d78c	b4f17a6d2406722b
DELTA	model.layers.10.post_attention_layernorm.weight	[768]	768	0.0833891	0.0767431	0.0554982	0.377156	1	1	1	1	1	0.100131	2.7754	27.7177	0	0	b2c09c4021ed5d7e	574c0ac978b10af8
DELTA	model.layers.10.self_attn.k_proj.bias	[256]	256	0.0433691	0.0359103	0.0338192	0.19748	1	1	1	0.996094	0.996094	6.71701	0.879294	0.130906	0	0	9f9fb9a514545dd6	1b9543934ad34cca
DELTA	model.layers.10.self_attn.k_proj.weight	[256,768]	196608	0.0361254	0.0287154	0.0299337	0.272863	1	1	0.999949	0.999552	0.995794	2.2028	20.8026	9.44371	0	0	10c32633fd9616c3	9ac7e637fbf55630
DELTA	model.layers.10.self_attn.o_proj.weight	[768,768]	589824	0.0106401	0.00676084	0.0153999	0.554703	1	0.999998	0.99979	0.997989	0.979826	0.889071	14.3755	16.1692	0	0	0211667e07dc072f	732d49f43975c877
DELTA	model.layers.10.self_attn.q_proj.bias	[768]	768	0.0375791	0.0279064	0.0324376	0.186248	1	1	1	0.998698	0.998698	6.77045	1.37535	0.203141	0	0	8739732bfb2873cf	17afc2a31c849e7b
DELTA	model.layers.10.self_attn.q_proj.weight	[768,768]	589824	0.0426873	0.0349061	0.0338994	0.277094	1	1	0.999958	0.999664	0.996724	2.56357	41.8639	16.3303	0	0	28824f1a59a19109	a425be3fce024edc
DELTA	model.layers.10.self_attn.v_proj.bias	[256]	256	0.00438704	0.00291182	0.00435692	0.0334322	1	1	1	1	0.996094	0.872312	0.0988313	0.113298	0	0	4633b111414b0f53	bcfb2f8eee614258
DELTA	model.layers.10.self_attn.v_proj.weight	[256,768]	196608	0.0107987	0.0068233	0.012588	0.178668	1	1	0.999781	0.998082	0.980586	0.794393	7.35395	9.25733	0	0	e9651b4012a37242	903e41dcbdba83ea
DELTA	model.layers.2.input_layernorm.weight	[768]	768	0.0414784	0.0339	0.033946	0.207279	1	1	1	1	1	0.0537046	1.48498	27.6508	0	0	b02846cf0211f487	aa11cfda526fd7a5
DELTA	model.layers.2.mlp.down_proj.weight	[768,3072]	2359296	0.00502427	0.00197473	0.00986004	0.578191	1	0.999993	0.999173	0.991513	0.915429	0.518626	16.9979	32.7749	0	0	5a6b91ab25544b2d	843480df81a1585a
DELTA	model.layers.2.mlp.gate_proj.weight	[3072,768]	2359296	0.00348842	0.00135682	0.00629194	0.19276	1	0.999988	0.998895	0.988756	0.890383	0.342261	11.0504	32.2865	0	0	2f06f617feeb8475	3f69dab9fe60ced8
DELTA	model.layers.2.mlp.up_proj.weight	[3072,768]	2359296	0.00350068	0.00141454	0.00627996	0.227964	0.999999	0.999989	0.998944	0.989402	0.895001	0.342171	11.0435	32.2747	0	0	8c0fc3c109f72690	49e838aeb0a23029
DELTA	model.layers.2.post_attention_layernorm.weight	[768]	768	0.0521847	0.0431266	0.0365726	0.308576	1	1	1	1	1	0.0638958	1.7656	27.6325	0	0	333ac185022a1349	f249d4ddaacc9e0d
DELTA	model.layers.2.self_attn.k_proj.bias	[256]	256	0.044233	0.0314831	0.0377246	0.204433	1	1	1	1	0.996094	9.89592	0.929397	0.0939173	0	0	7992bc41994dfae8	ae8d7b0e2ebf6e19
DELTA	model.layers.2.self_attn.k_proj.weight	[256,768]	196608	0.0409573	0.0331131	0.0333205	0.337639	1	1	0.999985	0.999685	0.996643	2.52827	23.4114	9.25984	0	0	d14c408d27d68d5a	7c2d819197a06354
DELTA	model.layers.2.self_attn.o_proj.weight	[768,768]	589824	0.00661989	0.00278182	0.0119249	0.573702	1	0.999998	0.999474	0.994466	0.94525	0.653857	10.4749	16.0201	0	0	a3027fd3b894251d	8ce5a991a1afdcdf
DELTA	model.layers.2.self_attn.q_proj.bias	[768]	768	0.0446348	0.0374629	0.035485	0.276571	1	1	1	1	0.998698	9.50184	1.57983	0.166265	0	0	f5ba7be44e473f84	b02828bb374f125a
DELTA	model.layers.2.self_attn.q_proj.weight	[768,768]	589824	0.0444655	0.0362823	0.0355305	0.340705	1	1	0.999969	0.999697	0.996857	2.7178	43.7126	16.0838	0	0	a74fca59cad2f2df	f57c4db86164b268
DELTA	model.layers.2.self_attn.v_proj.bias	[256]	256	0.00165506	0.00087438	0.00203802	0.0136466	1	1	1	1	0.976562	0.424209	0.0419571	0.0989067	0	0	5e59b9696573a30d	8853237d6dd48ec7
DELTA	model.layers.2.self_attn.v_proj.weight	[256,768]	196608	0.00515596	0.00197503	0.011706	0.414168	1	0.999995	0.999262	0.992635	0.927114	0.614721	5.67167	9.2264	0	0	40012303b0de46bd	d5122dbf027c6d32
DELTA	model.layers.3.input_layernorm.weight	[768]	768	0.034368	0.0274688	0.0281033	0.163836	1	1	1	1	0.997396	0.044509	1.23	27.6348	0	0	98d802eda91617aa	426d75b2338749d5
DELTA	model.layers.3.mlp.down_proj.weight	[768,3072]	2359296	0.00500833	0.00204714	0.00939917	0.480478	1	0.999992	0.999205	0.991983	0.920016	0.499843	16.3588	32.7278	0	0	d323964ddedaacd9	3000780074726903
DELTA	model.layers.3.mlp.gate_proj.weight	[3072,768]	2359296	0.00356073	0.0014385	0.00683937	0.31444	1	0.999989	0.998995	0.989619	0.897939	0.366699	11.8437	32.2982	0	0	9fdcbab07e9ba2d2	84507cddbdeb903c
DELTA	model.layers.3.mlp.up_proj.weight	[3072,768]	2359296	0.00354931	0.00150716	0.00665713	0.307107	0.999999	0.99999	0.99903	0.990141	0.902356	0.359018	11.5879	32.2766	0	0	bc149ad1f9810f90	bdb4cd5deb987aaf
DELTA	model.layers.3.post_attention_layernorm.weight	[768]	768	0.0479701	0.0374201	0.0421163	0.291503	1	1	1	1	1	0.0639482	1.76855	27.6559	0	0	389810c1428b7578	ac7f72fac0749138
DELTA	model.layers.3.self_attn.k_proj.bias	[256]	256	0.0508271	0.0369079	0.0452941	0.24268	1	1	1	1	0.996094	11.6266	1.08835	0.0936085	0	0	6c16951beda155ad	a261c7f3914ad82c
DELTA	model.layers.3.self_attn.k_proj.weight	[256,768]	196608	0.0361346	0.0276774	0.0318348	0.314786	1	1	0.999944	0.999476	0.99501	2.30645	21.3533	9.2581	0	0	90c8facdf395ed38	2aad396f839d4897
DELTA	model.layers.3.self_attn.o_proj.weight	[768,768]	589824	0.00671019	0.0030192	0.0129743	0.661599	1	0.999997	0.999483	0.995058	0.950806	0.698376	11.218	16.063	0	0	578b80a28d7157d3	02eed53a9d5f2524
DELTA	model.layers.3.self_attn.q_proj.bias	[768]	768	0.0413689	0.0333686	0.0345872	0.224141	1	1	1	1	0.998698	8.93854	1.49395	0.167136	0	0	a1e95ddcbc722095	999ca2f0374dede8
DELTA	model.layers.3.self_attn.q_proj.weight	[768,768]	589824	0.0393239	0.0302701	0.0343003	0.318828	0.999998	0.999998	0.999949	0.999461	0.995221	2.4985	40.0752	16.0397	0	0	cd9e8ba1dfbcba0c	c13fc064f472b8a1
DELTA	model.layers.3.self_attn.v_proj.bias	[256]	256	0.00416728	0.00220865	0.00492872	0.0247763	1	1	1	1	0.964844	1.02578	0.103152	0.10056	0	0	5bc1286874f3b29d	7973720bec4f29c3
DELTA	model.layers.3.self_attn.v_proj.weight	[256,768]	196608	0.00617576	0.00264243	0.0111277	0.279977	1	0.99999	0.999441	0.99438	0.943837	0.610323	5.64302	9.24596	0	0	d140177e9beedb9b	cb64f8cde0e32b31
DELTA	model.layers.4.input_layernorm.weight	[768]	768	0.0233949	0.0205188	0.0156865	0.104198	1	1	1	1	1	0.0282435	0.780434	27.6323	0	0	96e83bb68b6fadec	346e619e15efcb70
DELTA	model.layers.4.mlp.down_proj.weight	[768,3072]	2359296	0.00644762	0.00267754	0.0116001	0.624124	1	0.999992	0.999359	0.993423	0.934811	0.620831	20.3851	32.8351	0	0	17886c095fcc9ee7	5d39f42a75b46921
DELTA	model.layers.4.mlp.gate_proj.weight	[3072,768]	2359296	0.00462273	0.00180659	0.00847557	0.263271	1	0.999991	0.999104	0.991211	0.91281	0.457761	14.829	32.3946	0	0	1309e996fb85a79e	f0e6e9f4489351b0
DELTA	model.layers.4.mlp.up_proj.weight	[3072,768]	2359296	0.0046433	0.00193992	0.0085418	0.363766	1	0.999993	0.999173	0.991887	0.919489	0.462073	14.9334	32.3183	0	0	3919460653ab76cf	cc8c47a50e1456c0
DELTA	model.layers.4.post_attention_layernorm.weight	[768]	768	0.050837	0.040726	0.0443144	0.318251	1	1	1	1	0.997396	0.0675842	1.86843	27.646	0	0	e37217637288beca	feebacc6a9e3c9cd
DELTA	model.layers.4.self_attn.k_proj.bias	[256]	256	0.0343314	0.0260504	0.0286401	0.148256	1	1	1	1	1	6.76098	0.714772	0.10572	0	0	1fcbb33586dc5c93	3934d8c2e920fcb1
DELTA	model.layers.4.self_attn.k_proj.weight	[256,768]	196608	0.0328661	0.0251779	0.0286509	0.258535	1	0.999995	0.999954	0.999527	0.99498	2.08352	19.3329	9.27897	0	0	34e512e68e7df6b8	9e64209b7966a303
DELTA	model.layers.4.self_attn.o_proj.weight	[768,768]	589824	0.00614526	0.00322955	0.0115095	0.636251	0.999998	0.999995	0.999551	0.995677	0.956068	0.623416	10.0203	16.0732	0	0	f02b1114db5ef281	96452f16785ca9e4
DELTA	model.layers.4.self_attn.q_proj.bias	[768]	768	0.0370524	0.0276884	0.0337076	0.2116	1	1	1	1	0.998698	8.12829	1.38775	0.17073	0	0	4ff2d7cff7ae71a4	c7d1c125423a1d04
DELTA	model.layers.4.self_attn.q_proj.weight	[768,768]	589824	0.0344919	0.026683	0.0296933	0.27134	1	1	0.999939	0.999496	0.995029	2.17481	34.9535	16.072	0	0	7e8b32b05fd1a105	fb28d53b2d2b48f2
DELTA	model.layers.4.self_attn.v_proj.bias	[256]	256	0.00640683	0.00385732	0.00688531	0.0389416	1	1	1	1	0.984375	1.3568	0.150323	0.110793	0	0	b04dea8fc2a4e2c7	0aae0be2a004de4b
DELTA	model.layers.4.self_attn.v_proj.weight	[256,768]	196608	0.00509522	0.00276154	0.00700343	0.129499	1	0.999985	0.999512	0.994741	0.948685	0.414054	3.84023	9.27472	0	0	e24ff059ab442351	77940dc796c133e6
DELTA	model.layers.5.input_layernorm.weight	[768]	768	0.0199172	0.0183645	0.012335	0.0851913	1	1	1	1	1	0.0235005	0.649125	27.6217	0	0	5e9848a76b005e42	16585a716d86969a
DELTA	model.layers.5.mlp.down_proj.weight	[768,3072]	2359296	0.00786688	0.00321542	0.0138289	0.546074	1	0.999996	0.999459	0.994443	0.9444	0.744191	24.4376	32.8378	0	0	1e8676fcb3397770	b8d8e851c8f2e4ce
DELTA	model.layers.5.mlp.gate_proj.weight	[3072,768]	2359296	0.0058319	0.00208632	0.0110424	0.268319	1	0.999992	0.999218	0.992082	0.922932	0.592508	19.1812	32.3729	0	0	c411ec2811f84081	1cce4f12efbaf418
DELTA	model.layers.5.mlp.up_proj.weight	[3072,768]	2359296	0.00594957	0.00227333	0.0116132	0.337385	1	0.999991	0.999268	0.992895	0.929278	0.620145	20.0425	32.3191	0	0	bb89d1a4253ca231	04056f9adb9b0824
DELTA	model.layers.5.post_attention_layernorm.weight	[768]	768	0.0542137	0.0412662	0.0484873	0.328581	1	1	1	1	1	0.0728964	2.01506	27.6428	0	0	1f353c8eb7bba912	45787bc6a987a32e
DELTA	model.layers.5.self_attn.k_proj.bias	[256]	256	0.0310026	0.0209245	0.0299423	0.161283	1	1	1	1	0.996094	6.79184	0.688967	0.10144	0	0	f67332266830beaf	8765f3b799915c74
DELTA	model.layers.5.self_attn.k_proj.weight	[256,768]	196608	0.0268715	0.0190946	0.0256567	0.245675	1	1	0.999893	0.999232	0.992371	1.77395	16.4738	9.28647	0	0	a2a69229ecdeb5a5	68d9598ab0ba8616
DELTA	model.layers.5.self_attn.o_proj.weight	[768,768]	589824	0.00588345	0.00332422	0.0111585	0.506564	1	0.999997	0.999639	0.995887	0.958703	0.601233	9.68801	16.1136	0	0	b24024aa2f021fa9	8c42bd54c6204f99
DELTA	model.layers.5.self_attn.q_proj.bias	[768]	768	0.0311578	0.0211704	0.0297036	0.185303	1	1	1	1	0.998698	7.11289	1.19261	0.167668	0	0	82ddd394cc33f0f1	762787ac65007575
DELTA	model.layers.5.self_attn.q_proj.weight	[768,768]	589824	0.0286671	0.02071	0.0268175	0.272886	1	0.999998	0.999915	0.999264	0.992711	1.87413	30.1481	16.0864	0	0	ab115b1878bc21f9	56d58b1aa098a00b
DELTA	model.layers.5.self_attn.v_proj.bias	[256]	256	0.00605706	0.00524324	0.00476822	0.0305609	1	1	1	0.996094	0.988281	1.10775	0.123247	0.111258	0	0	7b73dd14fead0eb5	cf60bb18a4029954
DELTA	model.layers.5.self_attn.v_proj.weight	[256,768]	196608	0.00493141	0.0028891	0.00614539	0.14012	1	0.99999	0.999557	0.995504	0.952952	0.377985	3.49375	9.24309	0	0	53219d4366c4eb13	360635fca035d652
DELTA	model.layers.6.input_layernorm.weight	[768]	768	0.0416869	0.0339407	0.032986	0.184579	1	1	1	1	1	0.0533512	1.47281	27.606	0	0	fc372ee812e2ea34	5992884108ca1fae
DELTA	model.layers.6.mlp.down_proj.weight	[768,3072]	2359296	0.00993561	0.00429762	0.0162918	0.595433	1	0.999995	0.999531	0.995572	0.956222	0.890364	29.3106	32.9198	0	0	e96c772ff6206780	d11c13ca1b4404f0
DELTA	model.layers.6.mlp.gate_proj.weight	[3072,768]	2359296	0.00763219	0.00269355	0.0137668	0.307619	1	0.999997	0.99936	0.993424	0.934843	0.745423	24.178	32.4352	0	0	db0246740a80e18d	971da89d2fce51f3
DELTA	model.layers.6.mlp.up_proj.weight	[3072,768]	2359296	0.00772139	0.0030629	0.0139665	0.321453	1	0.999995	0.999441	0.994407	0.944564	0.75666	24.5127	32.3959	0	0	23afc5dd311435ed	c9cd9cf3801822e4
DELTA	model.layers.6.post_attention_layernorm.weight	[768]	768	0.057094	0.0426602	0.0506093	0.381634	1	1	1	1	0.998698	0.0764383	2.11376	27.6532	0	0	7e8d3be65526e686	ece3373a69450fe0
DELTA	model.layers.6.self_attn.k_proj.bias	[256]	256	0.0581273	0.0465502	0.0495101	0.233905	1	1	1	1	1	11.6372	1.22067	0.104894	0	0	d284bbd21504305b	3eae8fe0ff28b4a6
DELTA	model.layers.6.self_attn.k_proj.weight	[256,768]	196608	0.0452043	0.0372267	0.0355272	0.306474	1	1	0.999964	0.999588	0.996943	2.73403	25.4933	9.32446	0	0	0e0a6c546c12e9f2	5fff4da901168454
DELTA	model.layers.6.self_attn.o_proj.weight	[768,768]	589824	0.0103201	0.00521596	0.0151009	0.409369	1	0.999993	0.999688	0.99716	0.972332	0.875669	14.0471	16.0415	0	0	2f7b49796e1c8171	b73c2af7c459e884
DELTA	model.layers.6.self_attn.q_proj.bias	[768]	768	0.047797	0.0393213	0.0372132	0.224569	1	1	1	1	0.998698	9.66815	1.6783	0.173591	0	0	4c698c39401191f8	ea133aec76dbe698
DELTA	model.layers.6.self_attn.q_proj.weight	[768,768]	589824	0.047838	0.0396492	0.037349	0.339381	1	1	0.999973	0.999702	0.997148	2.88483	46.6109	16.1572	0	0	bc44c1b8a22a0105	84f611000daed5f8
DELTA	model.layers.6.self_attn.v_proj.bias	[256]	256	0.00379315	0.00242182	0.00393919	0.0239782	1	1	1	0.996094	0.980469	0.859802	0.0874083	0.101661	0	0	de9132762261b101	aba7976a36f7d554
DELTA	model.layers.6.self_attn.v_proj.weight	[256,768]	196608	0.0080704	0.00410023	0.0124094	0.258239	1	0.999995	0.999715	0.996648	0.967234	0.709496	6.56366	9.25116	0	0	8240a4707eb3c6ab	5cb282589629bac5
DELTA	model.layers.7.input_layernorm.weight	[768]	768	0.0405434	0.0353726	0.0294016	0.163948	1	1	1	1	0.998698	0.0502886	1.38761	27.5929	0	0	f9668f3aa0adea80	47fe05c7bc809571
DELTA	model.layers.7.mlp.down_proj.weight	[768,3072]	2359296	0.0117037	0.00510703	0.0186224	0.555666	1	0.999993	0.999612	0.996117	0.961641	1.02391	33.784	32.995	0	0	bbceb6704fb3e4b6	092fafc39c3fafc3
DELTA	model.layers.7.mlp.gate_proj.weight	[3072,768]	2359296	0.00934124	0.00319476	0.0165743	0.322531	1	0.999994	0.99941	0.99425	0.943135	0.898698	29.223	32.5171	0	0	9f2d859154490800	56c632d2b1fc8ea1
DELTA	model.layers.7.mlp.up_proj.weight	[3072,768]	2359296	0.0095964	0.00373012	0.0169346	0.399363	1	0.999995	0.999522	0.99533	0.953127	0.920425	29.8977	32.4825	0	0	1aa60f729167fd45	b5afeff59ebd6c0d
DELTA	model.layers.7.post_attention_layernorm.weight	[768]	768	0.0592113	0.0445303	0.0529808	0.352836	1	1	1	1	0.998698	0.079561	2.20126	27.6675	0	0	d09dbaba1fc083b2	d6e9e63b9ef965f0
DELTA	model.layers.7.self_attn.k_proj.bias	[256]	256	0.0455763	0.0274672	0.0442912	0.249089	1	1	1	1	1	9.56391	1.01587	0.106219	0	0	d5940f10d7902bf6	1149e90ecedacd2d
DELTA	model.layers.7.self_attn.k_proj.weight	[256,768]	196608	0.0386811	0.0292472	0.0343081	0.344812	1	1	0.999954	0.999583	0.995962	2.46637	22.9257	9.29529	0	0	f122299376d9094d	e1885ad60e11823d
DELTA	model.layers.7.self_attn.o_proj.weight	[768,768]	589824	0.00951717	0.00506264	0.0156246	0.545857	1	0.999998	0.999719	0.997336	0.972266	0.872016	14.0505	16.1127	0	0	9557282df5404a39	bdbd7e8c3fe2dfda
DELTA	model.layers.7.self_attn.q_proj.bias	[768]	768	0.0433368	0.0338188	0.0373211	0.304328	1	1	1	1	1	9.15727	1.58452	0.173034	0	0	d88eac0e45018043	7c310a1f785645e5
DELTA	model.layers.7.self_attn.q_proj.weight	[768,768]	589824	0.0405812	0.0316725	0.0344202	0.356072	1	0.999998	0.999949	0.999607	0.996133	2.525	40.8673	16.1851	0	0	b423ebc3724111dc	7287ee00b7757224
DELTA	model.layers.7.self_attn.v_proj.bias	[256]	256	0.00552647	0.00402378	0.00471848	0.021418	1	1	1	0.996094	0.996094	1.10949	0.116172	0.104708	0	0	b4dcd8c7ef8a9900	9871191ade0c0fe3
DELTA	model.layers.7.self_attn.v_proj.weight	[256,768]	196608	0.00839717	0.00457312	0.0120785	0.240871	1	1	0.999776	0.997086	0.970484	0.704813	6.52274	9.25458	0	0	77520297435bbb79	1fdcf89511e188a9
DELTA	model.layers.8.input_layernorm.weight	[768]	768	0.0530334	0.0424187	0.0436339	0.303712	1	1	1	1	1	0.0689456	1.90272	27.5974	0	0	0c1889fe4aa21840	66c6d66257659221
DELTA	model.layers.8.mlp.down_proj.weight	[768,3072]	2359296	0.0146201	0.00681267	0.0213632	0.579069	1	0.999996	0.999692	0.997059	0.970829	1.19965	39.7624	33.145	0	0	3e03b5cc61961670	758aae536daa6d8e
DELTA	model.layers.8.mlp.gate_proj.weight	[3072,768]	2359296	0.0127098	0.00462754	0.0204147	0.402464	1	0.999994	0.999542	0.99548	0.955193	1.13114	36.9375	32.6551	0	0	c73de4bfa7c5bbd2	980befa748356311
DELTA	model.layers.8.mlp.up_proj.weight	[3072,768]	2359296	0.0128928	0.00532582	0.0205936	0.405151	1	0.999997	0.999652	0.996427	0.965017	1.14621	37.3195	32.5589	0	0	7778e9818f890699	17e83abf5f3dd5bb
DELTA	model.layers.8.post_attention_layernorm.weight	[768]	768	0.0627898	0.0522668	0.048715	0.335195	1	1	1	1	0.998698	0.0795355	2.20184	27.6837	0	0	27f6d392fe83c558	8a92910379416e93
DELTA	model.layers.8.self_attn.k_proj.bias	[256]	256	0.0803319	0.0663745	0.0620317	0.325499	1	1	1	1	1	16.0369	1.62273	0.101187	0	0	e1deee1151cc2f4d	0756ce360b2da0fa
DELTA	model.layers.8.self_attn.k_proj.weight	[256,768]	196608	0.0476345	0.0383208	0.0388353	0.343944	1	1	0.999975	0.99973	0.996953	2.92657	27.2513	9.31169	0	0	5e282886a6b978d9	fc52c975f6a531ee
DELTA	model.layers.8.self_attn.o_proj.weight	[768,768]	589824	0.0164417	0.00817146	0.0234782	0.517662	1	0.999995	0.999815	0.998054	0.981159	1.36654	22.013	16.1085	0	0	f43f6a7c7f161b12	c0c27f35db7f8356
DELTA	model.layers.8.self_attn.q_proj.bias	[768]	768	0.0588261	0.0494554	0.045907	0.274833	1	1	1	1	1	12.1712	2.06739	0.169859	0	0	04bb11a66df20bc3	c82ed96aa84e2b5c
DELTA	model.layers.8.self_attn.q_proj.weight	[768,768]	589824	0.0509485	0.0425505	0.0393481	0.326189	1	1	0.999978	0.999729	0.99736	3.05109	49.4393	16.2038	0	0	c7b716e3165be776	d32e5794df0d2b97
DELTA	model.layers.8.self_attn.v_proj.bias	[256]	256	0.00755116	0.00473531	0.00860399	0.0527845	1	1	1	1	0.992188	1.72864	0.18296	0.105841	0	0	c620fc646f0a33be	f9a93d39889d64d6
DELTA	model.layers.8.self_attn.v_proj.weight	[256,768]	196608	0.014959	0.00704446	0.0229324	0.399464	1	1	0.999756	0.998011	0.979497	1.31342	12.1404	9.24335	0	0	91cf08a9f8de1af5	5195d3655b47e4d5
DELTA	model.layers.9.input_layernorm.weight	[768]	768	0.0391562	0.032848	0.0304474	0.182842	1	1	1	1	0.998698	0.0497948	1.37425	27.5982	0	0	4d0f1d9589902dc7	b45748d80b911d03
DELTA	model.layers.9.mlp.down_proj.weight	[768,3072]	2359296	0.0189097	0.00947228	0.0253771	0.724196	1	0.999997	0.999792	0.997794	0.977721	1.46172	48.6108	33.2559	0	0	33209d664bd6dff8	1449dff5afde7ad2
DELTA	model.layers.9.mlp.gate_proj.weight	[3072,768]	2359296	0.0168902	0.00652414	0.0251088	0.42386	1	0.999997	0.999646	0.99634	0.963748	1.41846	46.481	32.7686	0	0	dceb3b973ffc7e15	b326a20cf5475b83
DELTA	model.layers.9.mlp.up_proj.weight	[3072,768]	2359296	0.0166986	0.00749158	0.0243406	0.428961	1	0.999997	0.999716	0.997341	0.973233	1.38925	45.3396	32.636	0	0	0786506dbbda9c6e	75c3fa85ce94f539
DELTA	model.layers.9.post_attention_layernorm.weight	[768]	768	0.0700837	0.0629843	0.0494354	0.290522	1	1	1	1	0.998698	0.0857537	2.37627	27.7104	0	0	48e273a87a8c616f	7d37da2d24562001
DELTA	model.layers.9.self_attn.k_proj.bias	[256]	256	0.0612571	0.048077	0.0491921	0.23696	1	1	1	1	1	11.0517	1.25606	0.113653	0	0	ed7e6f9bba4cfbcd	e3a0019ecc027b30
DELTA	model.layers.9.self_attn.k_proj.weight	[256,768]	196608	0.0420224	0.0333225	0.0350588	0.345166	1	1	0.999954	0.999578	0.996409	2.58454	24.266	9.3889	0	0	3e9abbb4f88ea294	34afa5f80bf2f88f
DELTA	model.layers.9.self_attn.o_proj.weight	[768,768]	589824	0.0123387	0.00711092	0.0187716	0.582049	1	0.999997	0.99981	0.998108	0.980954	1.06726	17.2521	16.1649	0	0	2a47c75c447ed631	0adafc9f0376d516
DELTA	model.layers.9.self_attn.q_proj.bias	[768]	768	0.0459651	0.0331902	0.0414848	0.218135	1	1	1	1	0.998698	8.61072	1.71541	0.199218	0	0	3d13847fdb017cbd	398bc4b997fc8d55
DELTA	model.layers.9.self_attn.q_proj.weight	[768,768]	589824	0.0465979	0.0380311	0.0371528	0.344304	1	1	0.999969	0.99969	0.996919	2.80925	45.7698	16.2925	0	0	5f352f10cb6fa918	830a9721771d6c18
DELTA	model.layers.9.self_attn.v_proj.bias	[256]	256	0.00523608	0.00355339	0.00505869	0.0282404	1	1	1	0.996094	0.980469	1.05636	0.116379	0.11017	0	0	e34a215a16a4e04f	2deb3ec37bb2be0a
DELTA	model.layers.9.self_attn.v_proj.weight	[256,768]	196608	0.0123166	0.00711459	0.0163741	0.305373	1	1	0.999868	0.998133	0.981674	0.979262	9.08502	9.27741	0	0	89ff5599c9017cad	70cb6e8549229d44
DELTA	model.norm.weight	[768]	768	0.171783	0.172408	0.0560786	0.40283	1	1	1	1	1	0.191014	5.00752	26.2155	0	0	50f9f44dbb431d35	7a00e2430d25c496

# OPTIMIZER PROXY rows (checkpoint-1869 AdamW state, no raw gradients):
OPT	KEY	COMPONENT	EXP_AVG_ABS_MEAN	EXP_AVG_SQ_ABS_MEAN	EFF_UPDATE_MEAN	EFF_UPDATE_MAX	EXP_AVG_ZERO_FRAC	STEP	STARVED
OPT	lm_head.weight	lm_head	1.79087e-05	1.77467e-07	0.0811157	5.72138	0	1869	
OPT	model.embed_tokens.weight	embed	2.10834e-05	3.43135e-07	0.0478985	3.43358	0.0663086	1869	
OPT	model.layers.0.input_layernorm.weight	layer_norms	0.000697726	7.73374e-06	0.260575	1.00216	0	1869	
OPT	model.layers.0.mlp.down_proj.weight	mlp_down	6.88104e-06	1.22595e-08	0.105276	4.4506	0	1869	
OPT	model.layers.0.mlp.gate_proj.weight	mlp_gate	3.02759e-06	2.53775e-09	0.0918302	2.93597	0	1869	
OPT	model.layers.0.mlp.up_proj.weight	mlp_up	2.8228e-06	2.45131e-09	0.0857006	3.02383	0	1869	
OPT	model.layers.0.post_attention_layernorm.weight	layer_norms	6.32857e-05	1.66405e-07	0.172869	0.758817	0	1869	
OPT	model.layers.0.self_attn.k_proj.bias	attn_qkv	5.79595e-05	1.20405e-07	0.180811	1.1013	0	1869	
OPT	model.layers.0.self_attn.k_proj.weight	attn_qkv	0.000120416	2.53401e-07	0.25207	1.81652	0	1869	
OPT	model.layers.0.self_attn.o_proj.weight	attn_o	1.70673e-05	2.29286e-08	0.129961	1.22819	0	1869	
OPT	model.layers.0.self_attn.q_proj.bias	attn_qkv	0.000174674	5.28702e-07	0.255764	1.20252	0	1869	
OPT	model.layers.0.self_attn.q_proj.weight	attn_qkv	0.00013025	4.91277e-07	0.212309	2.32306	0	1869	
OPT	model.layers.0.self_attn.v_proj.bias	attn_qkv	3.11316e-05	1.27633e-06	0.0377739	0.279102	0	1869	
OPT	model.layers.0.self_attn.v_proj.weight	attn_qkv	2.59891e-05	6.00928e-08	0.124512	1.02106	0	1869	
OPT	model.layers.1.input_layernorm.weight	layer_norms	1.09221e-05	1.06599e-08	0.172113	1.0122	0	1869	
OPT	model.layers.1.mlp.down_proj.weight	mlp_down	6.0713e-07	7.57364e-10	0.0340782	2.79944	0	1869	
OPT	model.layers.1.mlp.gate_proj.weight	mlp_gate	2.24035e-07	4.03714e-10	0.0229547	2.2187	0	1869	
OPT	model.layers.1.mlp.up_proj.weight	mlp_up	2.19133e-07	4.07739e-10	0.023151	2.00464	0	1869	
OPT	model.layers.1.post_attention_layernorm.weight	layer_norms	6.20384e-06	6.79524e-09	0.11033	0.471308	0	1869	
OPT	model.layers.1.self_attn.k_proj.bias	attn_qkv	2.37741e-06	3.17028e-10	0.198804	1.24461	0	1869	
OPT	model.layers.1.self_attn.k_proj.weight	attn_qkv	3.11617e-06	4.96362e-10	0.22921	2.25049	0	1869	
OPT	model.layers.1.self_attn.o_proj.weight	attn_o	2.07057e-06	6.00835e-09	0.0555772	1.5913	0	1869	
OPT	model.layers.1.self_attn.q_proj.bias	attn_qkv	3.57482e-06	5.24838e-10	0.213612	1.4968	0	1869	
OPT	model.layers.1.self_attn.q_proj.weight	attn_qkv	2.52921e-06	5.57352e-10	0.213554	2.4794	0	1869	
OPT	model.layers.1.self_attn.v_proj.bias	attn_qkv	1.76369e-06	3.99195e-08	0.0146158	0.110207	0	1869	
OPT	model.layers.1.self_attn.v_proj.weight	attn_qkv	1.18188e-06	1.60887e-08	0.0205504	0.673038	0	1869	
OPT	model.layers.10.input_layernorm.weight	layer_norms	7.99924e-06	7.9439e-09	0.234043	1.74679	0	1869	
OPT	model.layers.10.mlp.down_proj.weight	mlp_down	3.67125e-06	1.87582e-09	0.140853	6.79604	0	1869	
OPT	model.layers.10.mlp.gate_proj.weight	mlp_gate	1.88942e-06	7.01836e-10	0.125912	6.45256	0	1869	
OPT	model.layers.10.mlp.up_proj.weight	mlp_up	1.8282e-06	8.88066e-10	0.125617	6.42201	0	1869	
OPT	model.layers.10.post_attention_layernorm.weight	layer_norms	0.000104647	7.3153e-07	0.278125	2.09561	0	1869	
OPT	model.layers.10.self_attn.k_proj.bias	attn_qkv	1.16472e-06	3.34276e-11	0.264779	0.938924	0	1869	
OPT	model.layers.10.self_attn.k_proj.weight	attn_qkv	9.84605e-07	3.79026e-11	0.239168	2.42538	0	1869	
OPT	model.layers.10.self_attn.o_proj.weight	attn_o	1.73333e-06	4.22756e-10	0.111598	2.17344	0	1869	
OPT	model.layers.10.self_attn.q_proj.bias	attn_qkv	1.48035e-06	4.95433e-11	0.231443	1.49864	0	1869	
OPT	model.layers.10.self_attn.q_proj.weight	attn_qkv	8.04297e-07	4.58588e-11	0.220412	3.36144	0	1869	
OPT	model.layers.10.self_attn.v_proj.bias	attn_qkv	6.5725e-06	2.18662e-09	0.157364	0.56221	0	1869	
OPT	model.layers.10.self_attn.v_proj.weight	attn_qkv	2.30986e-06	1.76266e-09	0.0803978	1.549	0	1869	
OPT	model.layers.2.input_layernorm.weight	layer_norms	2.55493e-05	4.51974e-08	0.207358	0.943871	0	1869	
OPT	model.layers.2.mlp.down_proj.weight	mlp_down	6.23682e-07	3.96928e-10	0.0467285	5.14739	0	1869	
OPT	model.layers.2.mlp.gate_proj.weight	mlp_gate	2.53193e-07	2.21183e-10	0.0339082	3.09752	0	1869	
OPT	model.layers.2.mlp.up_proj.weight	mlp_up	2.51665e-07	2.19697e-10	0.0342778	3.51419	0	1869	
OPT	model.layers.2.post_attention_layernorm.weight	layer_norms	6.49969e-06	8.50647e-09	0.161881	0.935338	0	1869	
OPT	model.layers.2.self_attn.k_proj.bias	attn_qkv	3.64423e-06	1.77344e-09	0.14278	1.1476	0	1869	
OPT	model.layers.2.self_attn.k_proj.weight	attn_qkv	5.0388e-06	2.38527e-09	0.205827	1.67813	0	1869	
OPT	model.layers.2.self_attn.o_proj.weight	attn_o	2.2022e-06	3.14529e-09	0.0709395	1.60305	0	1869	
OPT	model.layers.2.self_attn.q_proj.bias	attn_qkv	5.67008e-06	1.89038e-09	0.221531	1.14053	0	1869	
OPT	model.layers.2.self_attn.q_proj.weight	attn_qkv	3.65731e-06	1.94228e-09	0.202756	2.63161	0	1869	
OPT	model.layers.2.self_attn.v_proj.bias	attn_qkv	2.41006e-06	1.68711e-08	0.029562	0.298133	0	1869	
OPT	model.layers.2.self_attn.v_proj.weight	attn_qkv	1.45916e-06	9.00481e-09	0.0318621	1.08256	0	1869	
OPT	model.layers.3.input_layernorm.weight	layer_norms	2.35944e-05	1.6533e-08	0.429526	1.82333	0	1869	
OPT	model.layers.3.mlp.down_proj.weight	mlp_down	4.53172e-07	2.83063e-10	0.0408614	4.64135	0	1869	
OPT	model.layers.3.mlp.gate_proj.weight	mlp_gate	1.95085e-07	1.48209e-10	0.0293187	2.80159	0	1869	
OPT	model.layers.3.mlp.up_proj.weight	mlp_up	2.12206e-07	1.55128e-10	0.0309119	2.72711	0	1869	
OPT	model.layers.3.post_attention_layernorm.weight	layer_norms	7.39694e-06	6.06367e-09	0.219516	1.09474	0	1869	
OPT	model.layers.3.self_attn.k_proj.bias	attn_qkv	5.76638e-06	3.65151e-10	0.395253	1.78284	0	1869	
OPT	model.layers.3.self_attn.k_proj.weight	attn_qkv	7.12889e-06	5.85372e-10	0.461467	2.92338	0	1869	
OPT	model.layers.3.self_attn.o_proj.weight	attn_o	2.213e-06	2.01852e-09	0.0785782	1.79501	0	1869	
OPT	model.layers.3.self_attn.q_proj.bias	attn_qkv	7.86478e-06	4.52846e-10	0.420845	2.30313	0	1869	
OPT	model.layers.3.self_attn.q_proj.weight	attn_qkv	4.60258e-06	4.96767e-10	0.35463	2.86096	0	1869	
OPT	model.layers.3.self_attn.v_proj.bias	attn_qkv	3.21717e-06	1.07159e-08	0.0450076	0.43131	0	1869	
OPT	model.layers.3.self_attn.v_proj.weight	attn_qkv	1.51744e-06	6.6002e-09	0.0355644	0.919312	0	1869	
OPT	model.layers.4.input_layernorm.weight	layer_norms	7.90717e-06	3.8803e-09	0.295569	1.75182	0	1869	
OPT	model.layers.4.mlp.down_proj.weight	mlp_down	5.56254e-07	2.27014e-10	0.0529066	4.52534	0	1869	
OPT	model.layers.4.mlp.gate_proj.weight	mlp_gate	2.2305e-07	1.17242e-10	0.0352332	2.57875	0	1869	
OPT	model.layers.4.mlp.up_proj.weight	mlp_up	2.49108e-07	1.33136e-10	0.0373147	2.62854	0	1869	
OPT	model.layers.4.post_attention_layernorm.weight	layer_norms	8.34249e-06	9.24592e-09	0.210203	1.14322	0	1869	
OPT	model.layers.4.self_attn.k_proj.bias	attn_qkv	1.6967e-06	6.33561e-11	0.277337	1.47812	0	1869	
OPT	model.layers.4.self_attn.k_proj.weight	attn_qkv	1.7368e-06	7.50023e-11	0.314807	2.53107	0	1869	
OPT	model.layers.4.self_attn.o_proj.weight	attn_o	1.93097e-06	1.34272e-09	0.0844794	1.57646	0	1869	
OPT	model.layers.4.self_attn.q_proj.bias	attn_qkv	2.17762e-06	5.51989e-11	0.38897	2.16128	0	1869	
OPT	model.layers.4.self_attn.q_proj.weight	attn_qkv	1.25016e-06	5.48351e-11	0.312475	2.69423	0	1869	
OPT	model.layers.4.self_attn.v_proj.bias	attn_qkv	3.80705e-06	6.03767e-09	0.0689898	0.478098	0	1869	
OPT	model.layers.4.self_attn.v_proj.weight	attn_qkv	1.61944e-06	4.00278e-09	0.0445399	1.03804	0	1869	
OPT	model.layers.5.input_layernorm.weight	layer_norms	3.45298e-06	3.85245e-09	0.138413	1.07143	0	1869	
OPT	model.layers.5.mlp.down_proj.weight	mlp_down	7.15547e-07	2.78075e-10	0.0567285	5.83518	0	1869	
OPT	model.layers.5.mlp.gate_proj.weight	mlp_gate	3.21266e-07	1.1986e-10	0.040753	3.8546	0	1869	
OPT	model.layers.5.mlp.up_proj.weight	mlp_up	3.81304e-07	1.77613e-10	0.043698	3.96221	0	1869	
OPT	model.layers.5.post_attention_layernorm.weight	layer_norms	1.95498e-05	4.65323e-08	0.256762	1.4293	0	1869	
OPT	model.layers.5.self_attn.k_proj.bias	attn_qkv	7.73553e-07	1.56612e-11	0.232314	1.30447	0	1869	
OPT	model.layers.5.self_attn.k_proj.weight	attn_qkv	7.43861e-07	2.12869e-11	0.213902	1.9872	0	1869	
OPT	model.layers.5.self_attn.o_proj.weight	attn_o	1.86557e-06	1.02872e-09	0.0901336	1.46826	0	1869	
OPT	model.layers.5.self_attn.q_proj.bias	attn_qkv	7.91296e-07	1.20149e-11	0.246292	1.60751	0	1869	
OPT	model.layers.5.self_attn.q_proj.weight	attn_qkv	4.39694e-07	1.21014e-11	0.190829	2.8434	0	1869	
OPT	model.layers.5.self_attn.v_proj.bias	attn_qkv	3.31615e-06	4.66391e-09	0.0637121	0.362354	0	1869	
OPT	model.layers.5.self_attn.v_proj.weight	attn_qkv	1.39841e-06	3.28039e-09	0.040839	0.965397	0	1869	
OPT	model.layers.6.input_layernorm.weight	layer_norms	4.00889e-05	4.72769e-08	0.289489	1.6175	0	1869	
OPT	model.layers.6.mlp.down_proj.weight	mlp_down	8.05113e-07	3.4703e-10	0.0671282	4.38946	0	1869	
OPT	model.layers.6.mlp.gate_proj.weight	mlp_gate	3.78552e-07	1.40398e-10	0.0486617	5.15813	0	1869	
OPT	model.layers.6.mlp.up_proj.weight	mlp_up	4.39251e-07	2.01205e-10	0.0519125	4.55014	0	1869	
OPT	model.layers.6.post_attention_layernorm.weight	layer_norms	1.92745e-05	6.79928e-08	0.190143	0.898207	0	1869	
OPT	model.layers.6.self_attn.k_proj.bias	attn_qkv	6.59746e-06	1.89781e-09	0.185286	1.23608	0	1869	
OPT	model.layers.6.self_attn.k_proj.weight	attn_qkv	6.21878e-06	2.67272e-09	0.199869	2.07948	0	1869	
OPT	model.layers.6.self_attn.o_proj.weight	attn_o	1.53975e-06	7.93426e-10	0.078265	1.67506	0	1869	
OPT	model.layers.6.self_attn.q_proj.bias	attn_qkv	9.59742e-06	3.04156e-09	0.237544	1.89445	0	1869	
OPT	model.layers.6.self_attn.q_proj.weight	attn_qkv	4.81345e-06	3.12685e-09	0.203373	2.56782	0	1869	
OPT	model.layers.6.self_attn.v_proj.bias	attn_qkv	3.05981e-06	4.28759e-09	0.0585776	0.411253	0	1869	
OPT	model.layers.6.self_attn.v_proj.weight	attn_qkv	1.40364e-06	3.06054e-09	0.0405718	0.810871	0	1869	
OPT	model.layers.7.input_layernorm.weight	layer_norms	2.39653e-05	6.39103e-08	0.179678	1.1062	0	1869	
OPT	model.layers.7.mlp.down_proj.weight	mlp_down	9.77335e-07	5.24866e-10	0.0659371	5.01995	0	1869	
OPT	model.layers.7.mlp.gate_proj.weight	mlp_gate	5.18048e-07	2.01871e-10	0.0507251	4.3214	0	1869	
OPT	model.layers.7.mlp.up_proj.weight	mlp_up	6.64919e-07	3.82544e-10	0.056474	3.88605	0	1869	
OPT	model.layers.7.post_attention_layernorm.weight	layer_norms	4.72986e-05	1.59275e-07	0.258345	1.44618	0	1869	
OPT	model.layers.7.self_attn.k_proj.bias	attn_qkv	3.49893e-06	1.35613e-09	0.301692	1.31858	0	1869	
OPT	model.layers.7.self_attn.k_proj.weight	attn_qkv	3.26654e-06	2.12689e-09	0.284817	3.11058	0	1869	
OPT	model.layers.7.self_attn.o_proj.weight	attn_o	1.8967e-06	6.39855e-10	0.102189	1.7593	0	1869	
OPT	model.layers.7.self_attn.q_proj.bias	attn_qkv	3.76062e-06	1.92083e-09	0.278674	2.23447	0	1869	
OPT	model.layers.7.self_attn.q_proj.weight	attn_qkv	2.44951e-06	2.04196e-09	0.26032	3.33657	0	1869	
OPT	model.layers.7.self_attn.v_proj.bias	attn_qkv	5.73114e-06	3.6861e-09	0.106455	0.711457	0	1869	
OPT	model.layers.7.self_attn.v_proj.weight	attn_qkv	2.12699e-06	2.82164e-09	0.0600906	1.32893	0	1869	
OPT	model.layers.8.input_layernorm.weight	layer_norms	5.01329e-05	1.83803e-07	0.225168	1.00207	0	1869	
OPT	model.layers.8.mlp.down_proj.weight	mlp_down	1.37656e-06	6.07446e-10	0.0795703	6.21596	0	1869	
OPT	model.layers.8.mlp.gate_proj.weight	mlp_gate	6.89356e-07	2.42828e-10	0.0633381	4.8301	0	1869	
OPT	model.layers.8.mlp.up_proj.weight	mlp_up	9.52567e-07	4.59414e-10	0.0698146	4.80231	0	1869	
OPT	model.layers.8.post_attention_layernorm.weight	layer_norms	0.000102786	2.3477e-07	0.402389	2.4298	0	1869	
OPT	model.layers.8.self_attn.k_proj.bias	attn_qkv	8.64686e-06	3.71515e-09	0.218254	0.902022	0	1869	
OPT	model.layers.8.self_attn.k_proj.weight	attn_qkv	1.04944e-05	6.88235e-09	0.228739	2.24153	0	1869	
OPT	model.layers.8.self_attn.o_proj.weight	attn_o	2.88745e-06	6.61766e-10	0.141549	2.94542	0	1869	
OPT	model.layers.8.self_attn.q_proj.bias	attn_qkv	1.38022e-05	6.27651e-09	0.225791	1.15199	0	1869	
OPT	model.layers.8.self_attn.q_proj.weight	attn_qkv	7.01268e-06	7.86519e-09	0.199438	2.91605	0	1869	
OPT	model.layers.8.self_attn.v_proj.bias	attn_qkv	6.18536e-06	3.75634e-09	0.119394	0.535645	0	1869	
OPT	model.layers.8.self_attn.v_proj.weight	attn_qkv	2.4357e-06	3.17451e-09	0.0660148	1.23799	0	1869	
OPT	model.layers.9.input_layernorm.weight	layer_norms	2.81314e-05	3.08123e-08	0.362557	2.37814	0	1869	
OPT	model.layers.9.mlp.down_proj.weight	mlp_down	2.72058e-06	9.6008e-10	0.122269	6.40424	0	1869	
OPT	model.layers.9.mlp.gate_proj.weight	mlp_gate	1.36194e-06	3.97877e-10	0.101149	6.54092	0	1869	
OPT	model.layers.9.mlp.up_proj.weight	mlp_up	1.47295e-06	7.19334e-10	0.104924	6.59355	0	1869	
OPT	model.layers.9.post_attention_layernorm.weight	layer_norms	8.59839e-05	4.07808e-07	0.322325	2.21938	0	1869	
OPT	model.layers.9.self_attn.k_proj.bias	attn_qkv	5.32911e-06	5.3335e-10	0.282585	1.3455	0	1869	
OPT	model.layers.9.self_attn.k_proj.weight	attn_qkv	5.14342e-06	7.7586e-10	0.332285	2.59988	0	1869	
OPT	model.layers.9.self_attn.o_proj.weight	attn_o	2.14435e-06	4.88221e-10	0.122773	1.63389	0	1869	
OPT	model.layers.9.self_attn.q_proj.bias	attn_qkv	7.12773e-06	7.05476e-10	0.351456	1.75282	0	1869	
OPT	model.layers.9.self_attn.q_proj.weight	attn_qkv	3.59957e-06	7.39827e-10	0.311923	3.01391	0	1869	
OPT	model.layers.9.self_attn.v_proj.bias	attn_qkv	7.43051e-06	2.57607e-09	0.160824	0.710015	0	1869	
OPT	model.layers.9.self_attn.v_proj.weight	attn_qkv	2.64862e-06	2.11293e-09	0.0830558	1.42778	0	1869	
OPT	model.norm.weight	final_norm	0.000589512	3.23421e-05	0.304377	1.69658	0	1869	

# DEAD/LOW-CHANGE findings:
# completely unchanged (delta-max == 0): NONE
# low relative change < 1e-3: NONE

# FILE hashes:
FILE	earliest	e2250a7fe1b1d0ce3bb532c8050e8290783769a7dbee90a995c73889f9a0315c
FILE	latest	3ddc54d27b9ffff2443b41ce80bbf84e9ab10e7da778a42aa86efe996e87269a

# verdict: LEARNING CONFIRMED
